353.0 234.0 346.0 227.0 357.0 214.0 364.0 220.0 small-vehicle 1
393.0 195.0 402.0 200.0 392.0 217.0 383.0 210.0 small-vehicle 0
314.0 264.0 322.0 271.0 310.0 284.0 303.0 275.0 small-vehicle 0
103.0 379.0 100.0 387.0 83.0 380.0 87.0 372.0 small-vehicle 1
226.0 336.0 230.0 342.0 214.0 351.0 210.0 343.0 small-vehicle 1
376.0 172.0 382.0 176.0 372.0 191.0 365.0 185.0 small-vehicle 0
427.0 194.0 433.0 199.0 424.0 213.0 417.0 207.0 small-vehicle 0
164.0 572.0 169.0 568.0 177.0 581.0 172.0 585.0 small-vehicle 1
175.0 557.0 180.0 553.0 190.0 566.0 185.0 571.0 small-vehicle 1
186.0 542.0 193.0 537.0 205.0 552.0 198.0 556.0 small-vehicle 1
194.0 536.0 200.0 531.0 210.0 543.0 205.0 548.0 small-vehicle 1
202.0 529.0 206.0 526.0 217.0 539.0 213.0 542.0 small-vehicle 1
208.0 522.0 212.0 517.0 223.0 527.0 217.0 533.0 small-vehicle 1
220.0 507.0 225.0 504.0 234.0 516.0 228.0 520.0 small-vehicle 1
229.0 503.0 235.0 498.0 244.0 510.0 238.0 516.0 small-vehicle 1
148.0 553.0 154.0 547.0 165.0 564.0 157.0 568.0 small-vehicle 1
87.0 148.0 87.0 156.0 71.0 154.0 73.0 147.0 small-vehicle 1
148.0 171.0 146.0 163.0 161.0 161.0 162.0 169.0 small-vehicle 1
141.0 162.0 141.0 168.0 124.0 167.0 124.0 160.0 small-vehicle 1
87.0 159.0 89.0 152.0 105.0 157.0 103.0 163.0 small-vehicle 1
193.0 317.0 196.0 324.0 181.0 329.0 178.0 322.0 small-vehicle 1
229.0 375.0 233.0 384.0 219.0 390.0 216.0 382.0 small-vehicle 1
207.0 388.0 209.0 396.0 195.0 400.0 193.0 391.0 small-vehicle 1
173.0 467.0 174.0 475.0 156.0 477.0 157.0 469.0 small-vehicle 1
155.0 468.0 154.0 477.0 136.0 479.0 136.0 470.0 small-vehicle 1
466.0 61.0 473.0 68.0 459.0 81.0 454.0 75.0 small-vehicle 1
542.0 1.0 551.0 6.0 541.0 18.0 533.0 13.0 small-vehicle 1
530.0 34.0 537.0 41.0 524.0 54.0 517.0 49.0 small-vehicle 1
513.0 54.0 522.0 58.0 515.0 73.0 506.0 69.0 small-vehicle 1
485.0 70.0 495.0 74.0 486.0 88.0 478.0 85.0 small-vehicle 1
499.0 87.0 504.0 96.0 491.0 105.0 487.0 99.0 small-vehicle 1
458.0 86.0 467.0 89.0 459.0 103.0 453.0 100.0 small-vehicle 1
465.0 97.0 475.0 103.0 467.0 116.0 459.0 112.0 small-vehicle 1
457.0 132.0 463.0 139.0 448.0 150.0 441.0 145.0 small-vehicle 1
442.0 160.0 451.0 165.0 442.0 179.0 433.0 174.0 small-vehicle 1
199.0 457.0 201.0 467.0 181.0 473.0 180.0 464.0 small-vehicle 1
245.0 441.0 249.0 449.0 232.0 457.0 227.0 450.0 small-vehicle 1
268.0 433.0 274.0 438.0 260.0 448.0 254.0 444.0 small-vehicle 1
224.0 450.0 226.0 457.0 208.0 463.0 206.0 454.0 small-vehicle 1
