717.0 76.0 726.0 78.0 722.0 95.0 714.0 90.0 small-vehicle 0
737.0 82.0 744.0 84.0 739.0 101.0 731.0 98.0 small-vehicle 0
658.0 242.0 648.0 237.0 657.0 222.0 667.0 225.0 small-vehicle 1
733.0 128.0 735.0 122.0 754.0 129.0 750.0 136.0 small-vehicle 0
770.0 144.0 773.0 137.0 788.0 144.0 784.0 151.0 small-vehicle 0
696.0 122.0 705.0 124.0 697.0 141.0 691.0 137.0 small-vehicle 0
707.0 126.0 714.0 130.0 706.0 145.0 700.0 141.0 small-vehicle 0
711.0 140.0 718.0 141.0 712.0 157.0 706.0 154.0 small-vehicle 1
791.0 349.0 796.0 351.0 789.0 367.0 785.0 363.0 small-vehicle 0
799.0 354.0 800.0 367.0 799.0 370.0 793.0 368.0 small-vehicle 2
639.0 308.0 631.0 305.0 639.0 291.0 646.0 294.0 small-vehicle 1
629.0 304.0 623.0 302.0 630.0 287.0 636.0 289.0 small-vehicle 1
613.0 340.0 607.0 337.0 614.0 324.0 621.0 328.0 small-vehicle 1
