538.0 659.0 543.0 652.0 557.0 659.0 552.0 667.0 small-vehicle 1
800.0 377.0 800.0 387.0 783.0 380.0 787.0 372.0 small-vehicle 1
503.0 767.0 500.0 775.0 485.0 771.0 488.0 763.0 small-vehicle 1
473.0 746.0 465.0 738.0 479.0 726.0 486.0 733.0 small-vehicle 1
787.0 148.0 787.0 156.0 771.0 154.0 773.0 147.0 small-vehicle 1
787.0 159.0 789.0 152.0 800.0 155.0 800.0 162.0 small-vehicle 1
650.0 524.0 656.0 527.0 650.0 540.0 644.0 538.0 small-vehicle 1
648.0 324.0 645.0 329.0 629.0 322.0 631.0 317.0 small-vehicle 1
589.0 349.0 586.0 355.0 569.0 348.0 571.0 342.0 small-vehicle 1
660.0 527.0 668.0 532.0 661.0 546.0 654.0 542.0 small-vehicle 1
661.0 579.0 671.0 582.0 665.0 598.0 656.0 594.0 small-vehicle 0
680.0 537.0 687.0 539.0 682.0 555.0 674.0 552.0 small-vehicle 0
672.0 531.0 680.0 534.0 674.0 551.0 666.0 548.0 small-vehicle 0
617.0 509.0 624.0 512.0 617.0 527.0 611.0 525.0 small-vehicle 0
626.0 569.0 634.0 574.0 626.0 587.0 619.0 585.0 small-vehicle 0
636.0 535.0 626.0 532.0 636.0 515.0 643.0 520.0 small-vehicle 1
634.0 573.0 642.0 577.0 636.0 590.0 628.0 588.0 small-vehicle 1
617.0 565.0 624.0 568.0 616.0 584.0 610.0 582.0 small-vehicle 0
607.0 561.0 614.0 564.0 608.0 580.0 600.0 578.0 small-vehicle 0
