163.0 463.0 164.0 471.0 146.0 467.0 149.0 460.0 small-vehicle 1
231.0 416.0 231.0 423.0 211.0 423.0 211.0 415.0 small-vehicle 1
188.0 427.0 170.0 426.0 171.0 436.0 189.0 436.0 small-vehicle 1
636.0 313.0 633.0 306.0 646.0 298.0 650.0 306.0 small-vehicle 0
624.0 292.0 620.0 284.0 634.0 275.0 637.0 282.0 small-vehicle 0
425.0 455.0 424.0 447.0 441.0 441.0 442.0 449.0 small-vehicle 0
281.0 282.0 273.0 277.0 281.0 265.0 287.0 268.0 small-vehicle 1
477.0 452.0 474.0 446.0 492.0 436.0 496.0 444.0 small-vehicle 1
384.0 484.0 383.0 478.0 396.0 474.0 398.0 481.0 small-vehicle 1
402.0 479.0 399.0 472.0 416.0 466.0 418.0 474.0 small-vehicle 1
319.0 157.0 327.0 160.0 318.0 176.0 310.0 173.0 small-vehicle 0
344.0 165.0 351.0 169.0 345.0 184.0 338.0 181.0 small-vehicle 1
42.0 445.0 44.0 437.0 63.0 443.0 61.0 451.0 small-vehicle 0
106.0 415.0 108.0 407.0 129.0 410.0 128.0 417.0 small-vehicle 1
675.0 89.0 678.0 83.0 696.0 87.0 694.0 95.0 small-vehicle 1
794.0 97.0 788.0 94.0 795.0 79.0 800.0 83.0 small-vehicle 1
781.0 101.0 786.0 106.0 774.0 116.0 769.0 111.0 small-vehicle 1
601.0 297.0 605.0 304.0 594.0 311.0 591.0 304.0 small-vehicle 1
632.0 274.0 626.0 266.0 644.0 257.0 647.0 263.0 small-vehicle 1
254.0 204.0 310.0 204.0 310.0 252.0 254.0 252.0 storage-tank 0
