791.0 513.0 789.0 523.0 751.0 514.0 754.0 502.0 large-vehicle 0
431.0 160.0 419.0 158.0 420.0 133.0 431.0 132.0 large-vehicle 0
159.0 275.0 167.0 268.0 179.0 281.0 171.0 287.0 large-vehicle 0
169.0 265.0 173.0 259.0 189.0 272.0 184.0 277.0 large-vehicle 0
176.0 256.0 183.0 251.0 196.0 264.0 190.0 268.0 large-vehicle 0
264.0 187.0 272.0 181.0 282.0 199.0 273.0 206.0 large-vehicle 0
274.0 179.0 284.0 174.0 296.0 195.0 287.0 201.0 large-vehicle 0
298.0 169.0 307.0 165.0 318.0 185.0 308.0 190.0 large-vehicle 0
1.0 778.0 34.0 682.0 164.0 727.0 136.0 800.0 plane 0
98.0 527.0 140.0 415.0 276.0 466.0 225.0 582.0 plane 0
225.0 306.0 331.0 242.0 406.0 369.0 311.0 429.0 plane 0
