17.0 76.0 26.0 78.0 22.0 95.0 14.0 90.0 small-vehicle 0
37.0 82.0 44.0 84.0 39.0 101.0 31.0 98.0 small-vehicle 0
33.0 128.0 35.0 122.0 54.0 129.0 50.0 136.0 small-vehicle 0
70.0 144.0 73.0 137.0 88.0 144.0 84.0 151.0 small-vehicle 0
106.0 160.0 109.0 153.0 127.0 161.0 123.0 168.0 small-vehicle 0
7.0 126.0 14.0 130.0 6.0 145.0 0.0 141.0 small-vehicle 0
11.0 140.0 18.0 141.0 12.0 157.0 6.0 154.0 small-vehicle 1
217.0 124.0 220.0 117.0 238.0 124.0 233.0 131.0 small-vehicle 0
224.0 113.0 226.0 106.0 245.0 115.0 242.0 122.0 small-vehicle 0
235.0 95.0 239.0 88.0 255.0 97.0 250.0 104.0 small-vehicle 1
156.0 282.0 164.0 286.0 156.0 303.0 149.0 298.0 small-vehicle 0
91.0 349.0 96.0 351.0 89.0 367.0 85.0 363.0 small-vehicle 0
99.0 354.0 105.0 357.0 99.0 370.0 93.0 368.0 small-vehicle 1
123.0 361.0 130.0 364.0 123.0 376.0 117.0 372.0 small-vehicle 1
305.0 62.0 311.0 65.0 306.0 80.0 299.0 77.0 small-vehicle 1
