458.0 445.0 460.0 437.0 483.0 445.0 479.0 452.0 small-vehicle 1
450.0 474.0 452.0 465.0 470.0 471.0 466.0 478.0 small-vehicle 1
445.0 484.0 449.0 476.0 465.0 482.0 463.0 490.0 small-vehicle 1
445.0 491.0 448.0 485.0 465.0 490.0 463.0 497.0 small-vehicle 1
438.0 509.0 440.0 503.0 455.0 508.0 453.0 514.0 small-vehicle 1
433.0 518.0 436.0 510.0 451.0 517.0 449.0 523.0 small-vehicle 1
429.0 548.0 431.0 542.0 446.0 546.0 445.0 553.0 small-vehicle 1
425.0 557.0 429.0 552.0 443.0 558.0 441.0 565.0 small-vehicle 1
410.0 454.0 414.0 447.0 427.0 455.0 423.0 460.0 small-vehicle 1
406.0 463.0 409.0 457.0 422.0 463.0 419.0 469.0 small-vehicle 1
398.0 782.0 405.0 784.0 402.0 800.0 393.0 800.0 small-vehicle 0
372.0 800.0 362.0 800.0 368.0 789.0 375.0 792.0 small-vehicle 2
402.0 474.0 405.0 468.0 418.0 472.0 416.0 479.0 small-vehicle 1
386.0 514.0 388.0 508.0 405.0 515.0 403.0 520.0 small-vehicle 1
383.0 525.0 384.0 517.0 403.0 522.0 399.0 530.0 small-vehicle 1
238.0 726.0 246.0 730.0 240.0 741.0 233.0 739.0 small-vehicle 1
115.0 529.0 105.0 527.0 114.0 513.0 121.0 516.0 small-vehicle 1
124.0 531.0 115.0 528.0 122.0 518.0 130.0 520.0 small-vehicle 1
318.0 757.0 325.0 761.0 318.0 776.0 312.0 775.0 small-vehicle 1
291.0 748.0 299.0 752.0 292.0 766.0 285.0 763.0 small-vehicle 1
272.0 740.0 278.0 743.0 271.0 759.0 264.0 756.0 small-vehicle 1
261.0 737.0 269.0 741.0 264.0 753.0 258.0 750.0 small-vehicle 1
253.0 732.0 261.0 733.0 256.0 747.0 248.0 745.0 small-vehicle 1
300.0 799.0 300.0 794.0 317.0 799.0 302.0 800.0 small-vehicle 2
94.0 522.0 86.0 517.0 99.0 504.0 105.0 509.0 small-vehicle 1
269.0 786.0 271.0 780.0 286.0 786.0 284.0 791.0 small-vehicle 1
244.0 777.0 245.0 771.0 260.0 776.0 258.0 783.0 small-vehicle 1
223.0 769.0 227.0 760.0 240.0 767.0 236.0 774.0 small-vehicle 1
193.0 756.0 196.0 751.0 212.0 756.0 209.0 763.0 small-vehicle 1
525.0 770.0 518.0 767.0 523.0 754.0 531.0 756.0 small-vehicle 1
506.0 765.0 499.0 763.0 506.0 746.0 512.0 749.0 small-vehicle 1
412.0 597.0 415.0 590.0 430.0 597.0 428.0 604.0 small-vehicle 1
101.0 526.0 95.0 519.0 106.0 509.0 113.0 513.0 small-vehicle 1
164.0 610.0 172.0 613.0 166.0 629.0 158.0 625.0 small-vehicle 1
377.0 533.0 382.0 527.0 399.0 532.0 396.0 540.0 small-vehicle 1
300.0 527.0 294.0 523.0 300.0 508.0 308.0 511.0 small-vehicle 1
383.0 560.0 376.0 556.0 383.0 542.0 390.0 545.0 small-vehicle 1
362.0 552.0 354.0 548.0 360.0 535.0 369.0 537.0 small-vehicle 1
350.0 549.0 344.0 546.0 351.0 530.0 360.0 534.0 small-vehicle 1
342.0 545.0 334.0 541.0 342.0 526.0 350.0 530.0 small-vehicle 1
332.0 541.0 324.0 538.0 332.0 523.0 340.0 528.0 small-vehicle 1
320.0 536.0 313.0 531.0 320.0 517.0 329.0 520.0 small-vehicle 1
309.0 531.0 300.0 528.0 310.0 512.0 318.0 515.0 small-vehicle 1
291.0 523.0 285.0 520.0 291.0 505.0 299.0 509.0 small-vehicle 1
172.0 591.0 178.0 594.0 172.0 607.0 166.0 604.0 small-vehicle 1
284.0 520.0 276.0 516.0 282.0 500.0 290.0 503.0 small-vehicle 1
275.0 518.0 269.0 514.0 275.0 499.0 282.0 502.0 small-vehicle 1
267.0 512.0 257.0 509.0 265.0 495.0 275.0 499.0 small-vehicle 1
228.0 576.0 232.0 570.0 247.0 576.0 244.0 584.0 small-vehicle 1
230.0 624.0 228.0 633.0 210.0 629.0 212.0 622.0 small-vehicle 1
220.0 643.0 217.0 652.0 203.0 648.0 205.0 640.0 small-vehicle 1
178.0 570.0 186.0 573.0 179.0 587.0 172.0 585.0 small-vehicle 1
196.0 321.0 203.0 324.0 198.0 338.0 191.0 335.0 small-vehicle 1
214.0 359.0 209.0 353.0 221.0 340.0 227.0 347.0 small-vehicle 0
248.0 368.0 255.0 369.0 249.0 386.0 242.0 384.0 small-vehicle 0
236.0 363.0 243.0 365.0 239.0 380.0 232.0 377.0 small-vehicle 1
416.0 432.0 419.0 426.0 435.0 434.0 432.0 440.0 small-vehicle 1
174.0 742.0 168.0 747.0 156.0 734.0 163.0 728.0 small-vehicle 1
137.0 525.0 145.0 526.0 144.0 540.0 135.0 539.0 small-vehicle 1
29.0 496.0 32.0 491.0 48.0 498.0 45.0 504.0 small-vehicle 1
566.0 773.0 573.0 777.0 567.0 791.0 559.0 787.0 small-vehicle 1
94.0 797.0 88.0 794.0 95.0 779.0 102.0 782.0 small-vehicle 1
207.0 419.0 209.0 413.0 224.0 419.0 221.0 426.0 small-vehicle 1
173.0 487.0 175.0 481.0 194.0 489.0 192.0 495.0 small-vehicle 1
178.0 478.0 180.0 471.0 197.0 480.0 194.0 486.0 small-vehicle 1
183.0 471.0 184.0 466.0 200.0 472.0 199.0 478.0 small-vehicle 1
207.0 456.0 205.0 461.0 189.0 453.0 192.0 448.0 small-vehicle 1
195.0 444.0 197.0 439.0 213.0 446.0 210.0 452.0 small-vehicle 1
201.0 438.0 203.0 432.0 218.0 438.0 215.0 443.0 small-vehicle 1
204.0 429.0 208.0 425.0 219.0 433.0 216.0 437.0 small-vehicle 1
210.0 409.0 213.0 404.0 227.0 411.0 225.0 416.0 small-vehicle 1
214.0 401.0 216.0 395.0 230.0 404.0 228.0 409.0 small-vehicle 1
393.0 496.0 396.0 489.0 410.0 495.0 407.0 503.0 small-vehicle 1
397.0 485.0 399.0 479.0 414.0 485.0 410.0 492.0 small-vehicle 1
394.0 500.0 406.0 505.0 404.0 512.0 392.0 506.0 small-vehicle 1
404.0 746.0 412.0 750.0 406.0 765.0 399.0 762.0 small-vehicle 1
346.0 796.0 346.0 800.0 329.0 800.0 329.0 799.0 small-vehicle 2
422.0 422.0 424.0 416.0 440.0 423.0 438.0 431.0 small-vehicle 1
456.0 459.0 459.0 452.0 473.0 458.0 470.0 465.0 small-vehicle 1
