64.0 31.0 72.0 33.0 70.0 45.0 62.0 43.0 small-vehicle 1
91.0 1.0 100.0 1.0 97.0 14.0 88.0 11.0 small-vehicle 1
52.0 197.0 60.0 198.0 57.0 215.0 49.0 214.0 small-vehicle 1
91.0 57.0 97.0 64.0 88.0 76.0 82.0 72.0 small-vehicle 1
59.0 173.0 66.0 175.0 61.0 189.0 54.0 187.0 small-vehicle 1
53.0 217.0 58.0 222.0 46.0 232.0 39.0 227.0 small-vehicle 1
78.0 106.0 84.0 107.0 81.0 126.0 75.0 125.0 small-vehicle 1
20.0 116.0 26.0 116.0 24.0 132.0 17.0 131.0 small-vehicle 1
69.0 155.0 73.0 162.0 60.0 171.0 55.0 164.0 small-vehicle 1
44.0 238.0 50.0 243.0 41.0 255.0 34.0 251.0 small-vehicle 1
3.0 366.0 4.0 373.0 1.0 373.0 1.0 366.0 small-vehicle 2
25.0 313.0 26.0 321.0 9.0 326.0 7.0 318.0 small-vehicle 1
28.0 234.0 36.0 236.0 31.0 253.0 24.0 250.0 small-vehicle 1
15.0 229.0 22.0 231.0 17.0 245.0 10.0 244.0 small-vehicle 1
7.0 221.0 14.0 224.0 7.0 240.0 1.0 234.0 small-vehicle 1
41.0 265.0 45.0 273.0 32.0 279.0 26.0 272.0 small-vehicle 1
35.0 279.0 42.0 283.0 32.0 296.0 25.0 292.0 small-vehicle 1
31.0 298.0 36.0 304.0 24.0 314.0 18.0 308.0 small-vehicle 1
1.0 260.0 2.0 260.0 1.0 278.0 1.0 277.0 small-vehicle 2
9.0 256.0 17.0 260.0 9.0 273.0 4.0 269.0 small-vehicle 1
1.0 300.0 8.0 303.0 3.0 320.0 1.0 319.0 small-vehicle 2
1.0 346.0 12.0 345.0 9.0 364.0 1.0 362.0 small-vehicle 1
34.0 206.0 42.0 208.0 40.0 225.0 30.0 222.0 small-vehicle 1
8.0 275.0 20.0 277.0 17.0 298.0 5.0 297.0 large-vehicle 1
