764.0 731.0 772.0 733.0 770.0 745.0 762.0 743.0 small-vehicle 1
422.0 213.0 426.0 207.0 442.0 214.0 439.0 220.0 small-vehicle 0
432.0 288.0 436.0 281.0 451.0 287.0 448.0 293.0 small-vehicle 0
398.0 82.0 405.0 84.0 402.0 103.0 393.0 101.0 small-vehicle 0
369.0 109.0 361.0 104.0 368.0 89.0 375.0 92.0 small-vehicle 0
398.0 120.0 405.0 117.0 413.0 134.0 405.0 136.0 small-vehicle 0
238.0 26.0 246.0 30.0 240.0 41.0 233.0 39.0 small-vehicle 1
318.0 57.0 325.0 61.0 318.0 76.0 312.0 75.0 small-vehicle 1
291.0 48.0 299.0 52.0 292.0 66.0 285.0 63.0 small-vehicle 1
272.0 40.0 278.0 43.0 271.0 59.0 264.0 56.0 small-vehicle 1
261.0 37.0 269.0 41.0 264.0 53.0 258.0 50.0 small-vehicle 1
253.0 32.0 261.0 33.0 256.0 47.0 248.0 45.0 small-vehicle 1
300.0 99.0 300.0 94.0 318.0 99.0 313.0 105.0 small-vehicle 1
269.0 86.0 271.0 80.0 286.0 86.0 284.0 91.0 small-vehicle 1
244.0 77.0 245.0 71.0 260.0 76.0 258.0 83.0 small-vehicle 1
223.0 69.0 227.0 60.0 240.0 67.0 236.0 74.0 small-vehicle 1
193.0 56.0 196.0 51.0 212.0 56.0 209.0 63.0 small-vehicle 1
525.0 70.0 518.0 67.0 523.0 54.0 531.0 56.0 small-vehicle 1
506.0 65.0 499.0 63.0 506.0 46.0 512.0 49.0 small-vehicle 1
793.0 694.0 800.0 698.0 797.0 714.0 788.0 711.0 small-vehicle 1
753.0 436.0 759.0 434.0 765.0 445.0 758.0 448.0 small-vehicle 1
734.0 543.0 742.0 541.0 745.0 558.0 736.0 559.0 large-vehicle 0
453.0 371.0 461.0 366.0 470.0 379.0 462.0 383.0 small-vehicle 1
797.0 668.0 800.0 668.0 800.0 684.0 795.0 683.0 small-vehicle 2
796.0 559.0 800.0 558.0 800.0 572.0 796.0 573.0 small-vehicle 2
794.0 494.0 800.0 492.0 800.0 510.0 796.0 511.0 small-vehicle 2
778.0 562.0 786.0 561.0 786.0 575.0 778.0 575.0 small-vehicle 1
791.0 757.0 797.0 764.0 788.0 776.0 782.0 772.0 small-vehicle 1
761.0 559.0 772.0 557.0 771.0 571.0 760.0 572.0 small-vehicle 1
726.0 510.0 736.0 507.0 739.0 534.0 729.0 535.0 large-vehicle 0
174.0 42.0 168.0 47.0 156.0 34.0 163.0 28.0 small-vehicle 1
596.0 148.0 589.0 147.0 589.0 128.0 596.0 128.0 small-vehicle 1
583.0 146.0 575.0 144.0 578.0 127.0 585.0 128.0 small-vehicle 1
566.0 73.0 573.0 77.0 567.0 91.0 559.0 87.0 small-vehicle 1
215.0 309.0 218.0 300.0 235.0 307.0 232.0 315.0 small-vehicle 1
364.0 443.0 367.0 437.0 381.0 444.0 378.0 451.0 small-vehicle 1
342.0 434.0 344.0 429.0 359.0 435.0 356.0 440.0 small-vehicle 1
319.0 425.0 321.0 419.0 335.0 426.0 334.0 432.0 small-vehicle 1
302.0 417.0 305.0 413.0 317.0 419.0 315.0 423.0 small-vehicle 1
280.0 410.0 283.0 403.0 298.0 409.0 296.0 416.0 small-vehicle 1
256.0 399.0 258.0 393.0 272.0 399.0 269.0 406.0 small-vehicle 1
237.0 392.0 239.0 387.0 253.0 391.0 252.0 397.0 small-vehicle 1
216.0 384.0 219.0 377.0 232.0 383.0 230.0 389.0 small-vehicle 1
198.0 376.0 200.0 369.0 216.0 376.0 213.0 382.0 small-vehicle 1
94.0 97.0 88.0 94.0 95.0 79.0 102.0 82.0 small-vehicle 1
81.0 101.0 86.0 106.0 74.0 116.0 69.0 111.0 small-vehicle 1
589.0 219.0 587.0 224.0 571.0 218.0 574.0 212.0 small-vehicle 1
404.0 46.0 412.0 50.0 406.0 65.0 399.0 62.0 small-vehicle 1
346.0 96.0 347.0 103.0 330.0 106.0 329.0 99.0 small-vehicle 1
529.0 254.0 532.0 249.0 549.0 256.0 547.0 262.0 small-vehicle 1
195.0 368.0 193.0 373.0 176.0 368.0 179.0 360.0 small-vehicle 1
132.0 362.0 131.0 354.0 147.0 351.0 148.0 359.0 small-vehicle 1
155.0 362.0 156.0 356.0 170.0 358.0 169.0 365.0 small-vehicle 1
427.0 634.0 434.0 633.0 439.0 650.0 431.0 651.0 small-vehicle 1
433.0 658.0 439.0 656.0 442.0 673.0 436.0 674.0 small-vehicle 1
436.0 678.0 444.0 678.0 445.0 693.0 439.0 694.0 small-vehicle 1
440.0 701.0 448.0 699.0 451.0 718.0 444.0 721.0 small-vehicle 1
442.0 722.0 451.0 721.0 454.0 739.0 446.0 740.0 small-vehicle 1
