64.0 731.0 72.0 733.0 70.0 745.0 62.0 743.0 small-vehicle 1
93.0 694.0 101.0 697.0 97.0 714.0 88.0 711.0 small-vehicle 1
53.0 436.0 59.0 434.0 65.0 445.0 58.0 448.0 small-vehicle 1
34.0 543.0 42.0 541.0 45.0 558.0 36.0 559.0 large-vehicle 0
97.0 668.0 107.0 670.0 103.0 686.0 95.0 683.0 small-vehicle 1
96.0 559.0 105.0 558.0 107.0 571.0 96.0 573.0 small-vehicle 1
98.0 584.0 107.0 583.0 108.0 598.0 100.0 600.0 small-vehicle 1
94.0 494.0 103.0 492.0 106.0 509.0 96.0 511.0 small-vehicle 1
78.0 562.0 86.0 561.0 86.0 575.0 78.0 575.0 small-vehicle 1
91.0 757.0 97.0 764.0 88.0 776.0 82.0 772.0 small-vehicle 1
61.0 559.0 72.0 557.0 71.0 571.0 60.0 572.0 small-vehicle 1
26.0 510.0 36.0 507.0 39.0 534.0 29.0 535.0 large-vehicle 0
504.0 203.0 506.0 210.0 491.0 212.0 489.0 206.0 small-vehicle 1
489.0 153.0 489.0 163.0 470.0 166.0 468.0 157.0 small-vehicle 1
493.0 168.0 493.0 174.0 477.0 178.0 476.0 172.0 small-vehicle 1
501.0 192.0 504.0 198.0 485.0 202.0 484.0 195.0 small-vehicle 1
