764.0 31.0 772.0 33.0 770.0 45.0 762.0 43.0 small-vehicle 1
791.0 1.0 800.0 1.0 797.0 14.0 788.0 11.0 small-vehicle 1
752.0 197.0 760.0 198.0 757.0 215.0 749.0 214.0 small-vehicle 1
791.0 57.0 797.0 64.0 788.0 76.0 782.0 72.0 small-vehicle 1
545.0 589.0 554.0 592.0 548.0 609.0 539.0 604.0 small-vehicle 1
759.0 173.0 766.0 175.0 761.0 189.0 754.0 187.0 small-vehicle 1
753.0 217.0 758.0 222.0 746.0 232.0 739.0 227.0 small-vehicle 1
778.0 106.0 784.0 107.0 781.0 126.0 775.0 125.0 small-vehicle 1
720.0 116.0 726.0 116.0 724.0 132.0 717.0 131.0 small-vehicle 1
769.0 155.0 773.0 162.0 760.0 171.0 755.0 164.0 small-vehicle 1
442.0 1.0 448.0 1.0 451.0 18.0 444.0 21.0 small-vehicle 1
442.0 22.0 451.0 21.0 454.0 39.0 446.0 40.0 small-vehicle 1
744.0 238.0 750.0 243.0 741.0 255.0 734.0 251.0 small-vehicle 1
652.0 400.0 660.0 403.0 652.0 423.0 643.0 419.0 small-vehicle 1
685.0 400.0 695.0 401.0 691.0 423.0 682.0 421.0 small-vehicle 1
627.0 404.0 636.0 409.0 628.0 425.0 619.0 421.0 small-vehicle 1
631.0 421.0 638.0 424.0 633.0 443.0 625.0 441.0 small-vehicle 1
639.0 438.0 648.0 444.0 640.0 460.0 632.0 455.0 small-vehicle 1
656.0 441.0 663.0 442.0 657.0 460.0 651.0 459.0 small-vehicle 1
608.0 445.0 615.0 449.0 606.0 466.0 599.0 462.0 small-vehicle 1
636.0 475.0 644.0 478.0 637.0 493.0 629.0 489.0 small-vehicle 1
625.0 470.0 632.0 471.0 626.0 488.0 619.0 486.0 small-vehicle 1
610.0 470.0 619.0 473.0 612.0 487.0 603.0 485.0 small-vehicle 1
643.0 498.0 653.0 501.0 645.0 516.0 637.0 515.0 small-vehicle 1
624.0 513.0 632.0 513.0 633.0 528.0 624.0 528.0 small-vehicle 1
615.0 524.0 624.0 531.0 614.0 547.0 605.0 543.0 small-vehicle 1
605.0 508.0 614.0 512.0 605.0 529.0 599.0 527.0 small-vehicle 1
594.0 534.0 603.0 535.0 599.0 554.0 590.0 552.0 small-vehicle 1
623.0 543.0 633.0 546.0 626.0 561.0 618.0 559.0 small-vehicle 1
597.0 566.0 605.0 570.0 599.0 586.0 593.0 583.0 small-vehicle 1
644.0 366.0 652.0 370.0 644.0 390.0 634.0 387.0 small-vehicle 1
670.0 382.0 679.0 386.0 669.0 404.0 661.0 398.0 small-vehicle 1
703.0 366.0 704.0 373.0 687.0 375.0 685.0 367.0 small-vehicle 1
725.0 313.0 726.0 321.0 709.0 326.0 707.0 318.0 small-vehicle 1
728.0 234.0 736.0 236.0 731.0 253.0 724.0 250.0 small-vehicle 1
715.0 229.0 722.0 231.0 717.0 245.0 710.0 244.0 small-vehicle 1
707.0 221.0 714.0 224.0 707.0 240.0 699.0 235.0 small-vehicle 1
688.0 224.0 695.0 225.0 690.0 243.0 683.0 239.0 small-vehicle 1
741.0 265.0 745.0 273.0 732.0 279.0 726.0 272.0 small-vehicle 1
735.0 279.0 742.0 283.0 732.0 296.0 725.0 292.0 small-vehicle 1
731.0 298.0 736.0 304.0 724.0 314.0 718.0 308.0 small-vehicle 1
692.0 260.0 702.0 260.0 701.0 278.0 692.0 277.0 small-vehicle 1
682.0 350.0 689.0 354.0 681.0 370.0 673.0 365.0 small-vehicle 1
709.0 256.0 717.0 260.0 709.0 273.0 704.0 269.0 small-vehicle 1
700.0 300.0 708.0 303.0 703.0 320.0 694.0 318.0 small-vehicle 1
690.0 330.0 698.0 335.0 691.0 350.0 682.0 346.0 small-vehicle 1
678.0 319.0 685.0 325.0 671.0 342.0 663.0 335.0 small-vehicle 1
701.0 343.0 712.0 345.0 709.0 364.0 698.0 362.0 small-vehicle 1
653.0 330.0 660.0 333.0 653.0 352.0 644.0 349.0 small-vehicle 1
668.0 342.0 678.0 344.0 670.0 360.0 663.0 358.0 small-vehicle 1
614.0 573.0 620.0 576.0 614.0 591.0 606.0 587.0 small-vehicle 1
580.0 581.0 590.0 577.0 598.0 595.0 587.0 599.0 small-vehicle 1
582.0 624.0 590.0 624.0 590.0 642.0 580.0 641.0 small-vehicle 1
734.0 206.0 742.0 208.0 740.0 225.0 730.0 222.0 small-vehicle 1
708.0 275.0 720.0 277.0 717.0 298.0 705.0 297.0 large-vehicle 1
574.0 643.0 581.0 651.0 567.0 662.0 560.0 656.0 small-vehicle 1
466.0 761.0 473.0 768.0 459.0 781.0 454.0 775.0 small-vehicle 1
549.0 654.0 555.0 655.0 548.0 674.0 540.0 671.0 small-vehicle 1
555.0 670.0 563.0 672.0 558.0 691.0 550.0 690.0 small-vehicle 1
542.0 699.0 551.0 706.0 541.0 718.0 533.0 713.0 small-vehicle 1
530.0 734.0 537.0 741.0 524.0 754.0 517.0 749.0 small-vehicle 1
513.0 754.0 522.0 758.0 515.0 773.0 506.0 769.0 small-vehicle 1
485.0 770.0 495.0 774.0 486.0 788.0 478.0 785.0 small-vehicle 1
499.0 787.0 504.0 796.0 498.0 800.0 487.0 799.0 small-vehicle 1
458.0 786.0 467.0 789.0 460.0 800.0 453.0 800.0 small-vehicle 1
