k			box_list([x,y])
1			[[0.11375000000000002, 0.21624999999999994]]
2			[[0.03375000000000006, 0.03749999999999998], [0.16375, 0.18250000000000005]]
3			[[0.21750000000000003, 0.2475], [0.02375000000000005, 0.02375000000000002], [0.06125000000000003, 0.06875000000000009]]
4			[[0.05874999999999997, 0.06499999999999995], [0.15874999999999995, 0.18499999999999997], [0.023750000000000004, 0.023749999999999993], [0.5037499999999999, 0.44375000000000003]]
5			[[0.057499999999999996, 0.065], [0.03125, 0.03125], [0.015000000000000013, 0.013749999999999998], [0.31375000000000003, 0.30125], [0.1225, 0.1275]]
6			[[0.54, 0.47375], [0.09125000000000005, 0.09250000000000003], [0.027500000000000024, 0.027499999999999997], [0.013750000000000002, 0.0125], [0.04500000000000004, 0.053750000000000075], [0.18625000000000003, 0.23000000000000004]]
7			[[0.04125000000000001, 0.053749999999999964], [0.5675, 0.48249999999999993], [0.20125000000000004, 0.25], [0.02875000000000001, 0.028749999999999942], [0.12749999999999995, 0.125], [0.07374999999999998, 0.07624999999999993], [0.014999999999999958, 0.013749999999999929]]
8			[[0.13374999999999992, 0.12375], [0.03125, 0.07999999999999996], [0.05374999999999999, 0.046249999999999986], [0.015, 0.013749999999999929], [0.07374999999999998, 0.08249999999999999], [0.028749999999999998, 0.029999999999999916], [0.56875, 0.4825], [0.20125, 0.25125]]
9			[[0.03999999999999998, 0.039999999999999925], [0.03125, 0.08124999999999993], [0.026249999999999996, 0.025000000000000022], [0.57, 0.48125], [0.20125000000000004, 0.25249999999999995], [0.14, 0.12625], [0.013749999999999984, 0.012499999999999956], [0.07999999999999996, 0.0925], [0.06374999999999997, 0.05499999999999998]]
10			[[0.030000000000000027, 0.08249999999999999], [0.06375000000000003, 0.035], [0.012500000000000011, 0.011249999999999982], [0.04500000000000004, 0.05125000000000002], [0.02124999999999999, 0.0225], [0.20124999999999993, 0.24874999999999997], [0.565, 0.48125], [0.07125000000000004, 0.07750000000000001], [0.03249999999999997, 0.03125], [0.125, 0.12125]]
11			[[0.1325, 0.12375], [0.07499999999999996, 0.08250000000000002], [0.03749999999999999, 0.030000000000000027], [0.03249999999999997, 0.08250000000000002], [0.026249999999999996, 0.04749999999999999], [0.56875, 0.4825], [0.011249999999999982, 0.008750000000000036], [0.016249999999999987, 0.015], [0.20125, 0.25125], [0.022500000000000006, 0.02375000000000005], [0.05500000000000005, 0.048750000000000016]]
12			[[0.036250000000000004, 0.036250000000000004], [0.02500000000000001, 0.02375000000000005], [0.41875000000000007, 0.30625], [0.11250000000000002, 0.2325], [0.20375, 0.24375000000000002], [0.05874999999999997, 0.049999999999999996], [0.010000000000000009, 0.010000000000000009], [0.016250000000000042, 0.013750000000000012], [0.6637500000000001, 0.64], [0.030000000000000027, 0.07999999999999999], [0.07375, 0.08375000000000005], [0.13375000000000004, 0.11499999999999999]]
13			[[0.18, 0.24374999999999997], [0.0525, 0.05499999999999999], [0.012499999999999997, 0.011249999999999982], [0.08125000000000002, 0.040000000000000036], [0.026249999999999996, 0.030000000000000027], [0.030000000000000027, 0.08125000000000002], [0.65625, 0.63], [0.020000000000000018, 0.01999999999999999], [0.07250000000000001, 0.08500000000000008], [0.037500000000000006, 0.037500000000000006], [0.12875, 0.12], [0.38874999999999993, 0.29625], [0.050000000000000044, 0.021249999999999998]]
14			[[0.022500000000000075, 0.016249999999999987], [0.09000000000000008, 0.07625000000000004], [0.007500000000000062, 0.010000000000000009], [0.05625000000000002, 0.026249999999999996], [0.0625, 0.125], [0.13375000000000004, 0.12750000000000003], [0.028750000000000026, 0.028750000000000053], [0.030000000000000027, 0.08125], [0.01874999999999999, 0.024999999999999967], [0.03750000000000003, 0.042499999999999996], [0.013749999999999998, 0.01125], [0.20375, 0.25125], [0.057499999999999996, 0.05500000000000005], [0.57, 0.48249999999999993]]
15			[[0.04125000000000001, 0.040000000000000036], [0.03, 0.030000000000000027], [0.675, 0.65125], [0.023750000000000007, 0.04874999999999996], [0.012500000000000011, 0.011249999999999982], [0.03249999999999997, 0.08250000000000002], [0.075, 0.09500000000000008], [0.21125, 0.24625000000000002], [0.05374999999999999, 0.02250000000000002], [0.14, 0.12625], [0.11875000000000002, 0.065], [0.02124999999999999, 0.02124999999999999], [0.06, 0.05500000000000005], [0.42874999999999996, 0.3125], [0.11874999999999997, 0.24375]]
16			[[0.0675, 0.125], [0.028749999999999998, 0.07750000000000001], [0.032500000000000084, 0.03249999999999997], [0.07250000000000001, 0.07375], [0.12750000000000006, 0.12125000000000002], [0.04625000000000001, 0.05125000000000002], [0.06, 0.03375], [0.29000000000000004, 0.25625], [0.03500000000000003, 0.10249999999999998], [0.125, 0.0625], [0.1625, 0.23875000000000002], [0.015000000000000013, 0.015000000000000013], [0.025000000000000022, 0.022499999999999964], [0.6075, 0.545], [0.021249999999999995, 0.04375000000000001], [0.011249999999999982, 0.008750000000000036]]
17			[[0.02375000000000005, 0.0475], [0.06125000000000003, 0.05625000000000002], [0.01375000000000004, 0.025000000000000022], [0.030000000000000027, 0.03], [0.57, 0.56375], [0.03125, 0.08374999999999999], [0.125, 0.245], [0.07499999999999996, 0.08875], [0.012499999999999956, 0.007500000000000001], [0.53375, 0.215], [0.19000000000000003, 0.15874999999999995], [0.04125000000000001, 0.044999999999999984], [0.05625000000000002, 0.028749999999999942], [0.1225, 0.10874999999999999], [0.012500000000000011, 0.012500000000000011], [0.022499999999999992, 0.018750000000000017], [0.2375, 0.27625]]
18			[[0.4775, 0.36124999999999996], [0.030000000000000027, 0.08250000000000002], [0.023749999999999993, 0.04625000000000001], [0.04249999999999998, 0.04874999999999996], [0.125, 0.24499999999999994], [0.13500000000000006, 0.06125000000000003], [0.058750000000000024, 0.125], [0.18999999999999995, 0.15000000000000002], [0.11750000000000005, 0.12375], [0.06125, 0.06125], [0.22375, 0.25875000000000004], [0.03249999999999997, 0.03125], [0.012500000000000011, 0.011249999999999982], [0.02124999999999999, 0.022499999999999964], [0.08374999999999999, 0.08250000000000002], [0.06125, 0.03749999999999998], [0.7375, 0.7125], [0.04999999999999993, 0.02]]
19			[[0.022499999999999964, 0.022500000000000006], [0.22250000000000003, 0.25750000000000006], [0.06624999999999998, 0.0675], [0.58375, 0.21250000000000002], [0.01749999999999996, 0.01375], [0.36375, 0.47875], [0.010000000000000009, 0.010000000000000009], [0.03750000000000003, 0.04000000000000001], [0.027499999999999997, 0.03125], [0.12375000000000003, 0.24375000000000002], [0.19, 0.15500000000000003], [0.12875000000000003, 0.05375], [0.06, 0.125], [0.05125000000000002, 0.023749999999999993], [0.05499999999999999, 0.04874999999999999], [0.08999999999999997, 0.08625], [0.76, 0.6625000000000001], [0.12249999999999994, 0.125], [0.030000000000000027, 0.08124999999999993]]
20			[[0.015000000000000013, 0.016249999999999987], [0.25125, 0.2675], [0.13249999999999995, 0.24625000000000002], [0.08125000000000004, 0.0825], [0.058750000000000024, 0.125], [0.022500000000000006, 0.020000000000000004], [0.026249999999999996, 0.027500000000000024], [0.03375000000000006, 0.0325], [0.11875000000000002, 0.07625000000000001], [0.0625, 0.03749999999999998], [0.11625000000000002, 0.125], [0.049999999999999996, 0.020000000000000018], [0.06000000000000005, 0.060000000000000005], [0.195, 0.15125], [0.17124999999999996, 0.04375], [0.011249999999999982, 0.009999999999999995], [0.6025, 0.5137499999999999], [0.03125, 0.08250000000000002], [0.022500000000000075, 0.04625000000000001], [0.04249999999999998, 0.0475]]
